5 10 12806 5321 10696 8759 4403 12827 4016 20055 1920 20053 
5 22 1920 20057 4016 4618 6789 7099 12743 5681 234 12676 10496 12627 2558 12586 7385 8943 1112 8470 5617 493 20063 12534 
5 15 11108 2964 5685 3299 10135 7112 9576 12607 9661 3911 1610 10964 20061 20062 12534 
3 2 9345 12725 
3 7 1610 1571 7217 12646 12672 7343 12725 
3 9 9345 8924 8576 12778 12763 9171 8578 12788 5961 
3 7 5961 12761 1398 12719 744 12654 11108 
2 7 5961 12808 12835 12857 12880 32 5772 
3 3 5772 12961 11342 
3 4 11342 8615 7988 6466 
2 4 9998 13081 13052 9602 
3 6 13081 8824 10413 13148 13125 7014 
3 5 4464 12962 12983 6763 13057 
3 7 12983 4491 7639 5224 11450 7879 5772 
3 8 7014 5708 7017 7088 13086 13053 13031 10909 
2 4 10909 616 20340 7199 
2 4 7480 4363 8139 13053 
5 9 7940 9092 2047 2999 12838 20054 1920 20055 20054 
5 5 1920 20053 9150 5565 12910 
5 26 7794 7004 13459 1344 13396 10454 8368 9846 3636 3286 13285 8736 5597 4430 10903 4224 8130 6642 6805 6592 1104 10494 7115 12966 11387 12910 
3 7 7480 4119 12920 5674 12882 5179 8759 
4 6 20320 13886 13873 8603 11239 11297 
3 5 3614 8312 9279 9824 7345 
1 2 3614 13239 
3 13 8493 6784 14907 5411 7373 1083 14719 9066 9360 14683 6029 559 9680 
3 10 9680 10201 8654 5930 10731 4225 14358 9376 5184 1315 
3 4 13239 9111 14131 1315 
2 7 7345 14001 2362 10697 7566 4006 11297 
3 9 11015 8245 15 9064 4989 8858 8202 1880 20320 
2 3 11413 13921 20320 
3 7 14206 6070 14111 14045 4340 2903 13921 
3 10 11015 2735 10278 917 11126 9354 6766 5851 13182 7014 
3 19 7199 20341 3336 4463 12956 3152 4193 12865 12814 12787 12758 6164 12696 717 10735 12623 7928 12559 8470 
3 6 10735 2937 12634 12630 12612 12586 
2 5 9998 13051 8181 10748 13057 
3 18 11015 10800 7476 13504 2634 5200 9814 160 13645 13639 3768 3168 13691 9743 4781 13791 486 5215 
3 22 13598 6281 5537 1719 13463 5659 13401 13373 5033 9346 13310 8772 13272 2989 13222 13200 2429 13147 2934 13100 13080 8181 
3 15 12961 9608 8583 3812 4871 7787 12925 7153 11357 11399 9393 13032 7518 840 8176 
1 2 6466 746 
3 11 13272 959 2455 13264 7332 13233 2654 13163 8213 13119 746 
3 9 13119 2298 8541 356 13047 13038 2349 2179 7639 
1 3 12994 4825 7879 
3 5 4464 12875 12852 12821 8924 
3 3 9602 7992 4463 
3 9 20322 20321 1126 6684 13302 7812 13325 6071 13310 
2 5 1182 9493 13427 6354 13504 
3 4 1126 2317 7608 1182 
2 7 20322 13290 660 5732 4761 13160 13148 
2 10 9149 14689 5680 3345 4638 2234 14507 10550 14577 9680 
3 11 3040 4150 14290 9496 6706 14459 14387 6706 14459 6706 14387 
3 11 14459 8427 4572 10373 7528 11569 14418 3712 6257 14450 7382 
2 13 7382 14519 6780 9456 14593 4567 4741 9223 7082 6726 20302 10997 2234 
2 11 15026 19444 1686 4242 6338 19451 5189 14706 20329 7164 9223 
2 5 9904 3453 14718 8206 14706 
2 3 3453 10840 14593 
1 6 5117 14442 8341 10013 14490 6780 
2 11 14206 14182 14171 1965 14219 6464 9351 8768 9507 5020 14290 
3 4 1801 9057 14186 9507 
2 4 3040 14255 2372 6774 
2 5 2174 14297 10199 8663 3040 
2 11 14297 1986 14357 4349 7243 14448 4798 14501 14472 14517 14459 
2 6 14418 1595 6454 7686 9609 14206 
3 13 5117 4662 8458 7355 20301 7994 11222 4703 4592 14067 5585 13970 10697 
2 6 11413 13964 888 5505 14036 14067 
3 10 9814 6977 7124 13740 3845 4968 5263 6945 1252 6464 
2 2 1801 14102 
2 11 1801 7816 7571 13974 5791 7503 9775 11389 3515 13715 3768 
3 6 3663 11308 6648 13613 2914 13691 
3 5 7812 4252 20333 7844 13456 
2 5 13456 13496 9020 13606 3768 
3 20 8493 9818 10588 14940 417 14889 4033 14814 3835 6095 3762 14714 5232 4169 2557 14640 10920 14620 14585 1861 
2 4 14907 14929 2644 14940 
2 7 14719 1396 14738 14746 14770 14791 14814 
3 20 1396 14719 9066 9360 9966 14639 1392 4007 2660 14455 9806 14375 14342 3819 2406 4309 4683 14238 5781 8057 
2 6 1315 550 5906 6536 14257 3819 
1 4 14455 3123 2812 9376 
3 9 11222 14270 14319 14325 11243 1899 11349 1099 8654 
3 7 1899 6956 2997 5886 14208 934 9279 
4 9 1814 8251 8284 11588 419 11381 13420 3907 8245 
3 6 3673 13159 9361 10802 11014 6766 
3 4 13086 13101 13121 3673 
4 12 1814 8723 10866 13216 7498 620 13167 13184 737 6949 593 1104 
3 10 13121 3044 13126 3328 13089 2857 13064 6889 13009 7940 
2 8 6889 27 13087 13106 4824 7306 13156 13167 
1 4 4824 11285 952 7115 
3 7 7940 12991 3274 4473 10419 837 12910 
3 10 12806 12801 4932 6976 12805 4465 4540 12800 3633 12814 
2 10 12534 12506 20059 4653 12480 10224 10722 5666 9928 10106 
3 16 9111 14087 4848 5067 11420 14051 14012 9096 13914 8089 10301 650 13768 2780 3234 13675 
3 12 7566 6287 13887 8918 5543 3934 10212 13778 13731 13693 13652 5356 
4 19 11297 10195 8087 9888 13646 8532 11500 10611 13432 1468 11149 13377 2974 706 10074 4523 11217 3879 737 
2 5 8723 5280 6494 13371 1468 
3 5 5356 8048 4831 13428 13406 
2 7 706 8518 7448 13585 4238 13635 13652 
3 8 13406 8893 1560 10015 7281 13300 354 4430 
3 9 14238 14216 7080 932 14150 247 14113 1608 6928 
3 14 7794 13541 7254 7213 6543 4147 10363 13818 5346 10845 3335 7381 9002 4177 
3 6 13914 7958 7342 3869 11363 4177 
3 12 13675 11031 3368 13586 5609 13527 13485 998 8549 10980 10812 13396 
3 10 13406 3088 3806 3708 10771 13609 8635 13674 975 3234 
2 5 9846 10616 8066 13212 4111 
5 10 1429 11555 2387 2984 12813 8211 20058 1920 20053 9150 
4 7 1920 20056 4636 11485 12753 338 4370 
1 2 7099 2643 
3 4 12691 2089 4859 11485 
2 4 2643 9330 2703 12691 
2 6 8943 6040 11415 3379 12473 1052 
1 2 3379 10031 
3 8 10775 12331 11093 11333 9562 8580 12440 1052 
4 5 493 10103 12481 6438 1052 
5 3 12506 10516 493 
1 4 11387 8423 12922 4334 
1 7 1429 12815 43 12782 12765 5423 3288 
1 2 12738 12782 
1 3 12707 5897 4370 
3 4 7097 10858 4796 4370 
1 3 2703 12642 9908 
2 8 2558 12589 7726 10137 12590 4416 1004 7132 
2 9 12364 562 10798 7416 12492 12497 4945 11131 6040 
2 11 1608 1551 14100 4795 2851 7246 10346 13913 11343 13806 4147 
2 6 10346 6731 532 10563 749 832 
2 8 925 9968 14273 14261 10457 14274 8925 832 
3 8 7794 2478 13637 2788 13736 4668 5103 10887 
2 15 2478 13560 13575 7027 13535 2322 13550 4227 13680 11370 13665 3364 13702 3808 13742 
2 4 13550 10025 1176 657 
1 3 9907 10737 9990 
2 9 9907 7107 1633 9915 13253 8280 958 10538 10454 
2 4 11544 13197 10014 6606 
2 4 6606 2412 13206 1633 
2 3 925 14313 1069 
2 7 925 14313 6276 14232 7161 6667 9627 
3 3 11584 11362 9627 
3 7 10887 9089 2142 967 9251 6192 11584 
2 6 13742 1789 13826 2754 4857 11584 
3 8 6928 855 14320 10259 3743 11249 5846 10920 
1 3 2557 14727 7634 
2 14 6592 4640 6805 13095 8726 3863 6058 3012 13065 4475 13002 4641 3747 12930 
2 3 4111 7475 1086 
1 3 12930 5327 8162 
1 8 3288 12817 7508 8294 5645 2690 6611 12771 
2 5 7132 1761 12524 6118 3122 
2 4 10798 7577 1575 12421 
3 10 10775 3844 10157 4462 8994 4036 9492 6619 8498 12068 
1 7 12068 1701 98 414 3564 11928 673 
1 4 11842 11861 6745 673 
1 9 1939 11679 2242 4580 1371 8931 5045 11815 11842 
2 13 1861 2918 14537 14497 5507 14594 6807 4345 14572 11423 14567 2492 6332 
2 4 1069 4656 14483 9450 
1 3 6332 14553 9450 
3 5 9627 14170 14209 8796 10830 
3 5 9943 8698 671 14249 10830 
4 2 9811 10406 
3 19 9811 7176 11433 14669 1918 14621 11177 6844 827 14533 105 1202 7045 11380 8403 8659 2745 14291 9943 
2 14 7634 14728 9798 14749 11576 7701 14826 5052 5899 11631 2946 11361 7249 9570 
1 9 15174 9826 9461 11220 5497 9510 7031 14918 9570 
2 5 5497 14984 7496 3011 5998 
2 11 7176 4215 14807 14821 9565 5238 14806 1418 14855 8183 10624 
1 2 10783 10624 
2 5 5998 2172 11538 9547 14903 
2 5 14903 6537 14985 4419 10783 
2 6 14918 14874 11416 3092 7078 2492 
1 6 9169 14715 5274 14792 9681 11538 
2 7 9288 14530 76 14451 14422 7259 9943 
1 2 9169 9288 
2 7 9450 14589 1377 14607 14642 4281 9169 
1 5 13742 3772 13640 4873 7646 
2 4 13598 4162 19466 13643 
2 3 2211 10687 5033 
1 7 12771 5167 12713 12693 3392 12657 12640 
1 7 9990 3815 5679 9247 12992 7515 12942 
1 4 1086 4010 983 11281 
1 4 13011 13055 13079 1086 
2 2 5317 7097 
1 2 10856 5317 
1 4 7646 5207 2600 6732 
1 3 6488 6840 6732 
1 5 6488 4628 13344 6965 1746 
1 9 1746 8195 9660 4553 13207 561 13145 2827 3857 
1 6 8162 12898 12873 707 12829 719 
1 6 7621 8803 8334 11096 207 12707 
1 6 12738 1592 3004 2157 5640 4365 
2 8 11544 10961 13168 8585 7934 1974 8228 5210 
1 10 12942 12906 3124 7147 404 12775 1185 5127 3924 4202 
2 6 12977 6581 7095 13072 5405 4640 
2 5 6466 6418 1096 13169 13196 
2 7 2182 12220 3765 8715 760 12351 12364 
1 8 12640 5226 11572 3441 6571 3205 654 1599 
1 5 1599 5591 10522 2119 9292 
1 7 4365 7744 6692 12516 7375 3175 12505 
1 9 3452 584 12399 3561 12448 10607 3590 4531 12505 
2 12 10856 12542 12515 4902 6062 11215 3793 6527 11300 8890 3980 3320 
3 3 3122 4834 1092 
1 4 5210 13024 10547 8032 
1 3 4159 2293 8032 
1 4 9292 9894 2436 122 
1 7 3452 4729 5268 5005 12325 7836 9392 
1 3 3452 573 5450 
1 3 12384 7774 4531 
1 3 3320 12378 12384 
1 7 3320 9662 4901 10744 9872 3594 12137 
1 7 4901 12263 675 62 9148 6393 1572 
1 3 1652 636 12189 
1 4 12189 9951 3858 5450 
1 3 12189 1520 1572 
3 9 10400 4101 12277 1152 8456 3848 12398 9549 1092 
1 18 913 4196 10861 973 12094 12096 6011 8223 410 3752 5074 12080 4358 7262 8548 8691 2364 12137 
2 9 973 10861 4196 431 6659 12142 3000 11140 2182 
1 11 12068 3813 6282 12072 4566 12069 10690 12063 7121 12090 913 
1 12 4202 12658 6433 6469 2636 8333 12592 10900 6883 7796 5547 495 
1 15 122 2925 5375 10921 1477 12395 3978 10036 1381 691 12385 1100 905 12381 7552 
1 2 4437 9392 
1 12 4437 1577 1229 7442 11277 4792 12118 6960 12086 1402 12062 10246 
1 24 3857 8514 13227 810 1834 11092 13439 13497 6897 7583 2695 3524 13839 1688 1897 3943 9427 14140 7137 10850 7495 14390 8572 7394 
1 10 7552 3180 1869 12310 5562 1150 4564 4426 3131 4677 
1 10 10246 1768 2269 9108 3358 365 9445 4203 3041 6050 
1 13 973 5556 1243 11985 1231 4804 6263 2453 8310 10647 11843 10139 11810 
1 7 20054 20055 1920 20054 20053 20058 20056 
1 3 20056 20057 20055 
3 8 8924 12786 12804 7551 12830 9216 7728 12814 
2 6 15026 11623 7555 19445 14962 19447 
2 6 9149 1710 3022 19450 19449 19447 
1 11 8655 101 9311 3738 2588 3836 16827 10404 4318 16821 3560 
1 6 2588 16779 9232 1430 1779 8348 
1 5 2588 2300 3748 7531 16725 
3 3 9002 6223 14113 
5 6 19436 19439 19435 13936 11077 6043 
5 10 19441 19439 19434 19433 19453 19429 19430 19437 19440 19438 
1 2 19441 19438 
5 4 19436 19437 4161 19440 
5 3 19436 19432 19429 
5 3 19436 19431 19453 
1 3 19436 19438 19440 
1 2 19436 19441 
1 3 19436 19432 19430 
1 3 19436 19431 19433 
1 2 19434 19431 
1 2 19434 19436 
1 2 19432 19431 
1 2 19432 19437 
3 5 6043 9736 1285 5871 10341 
3 6 11078 14082 5476 14070 10636 14109 
3 5 14061 9113 14071 1866 14109 
5 3 1866 14002 19453 
4 3 9649 3756 4161 
4 11 14164 109 7188 10261 7322 14016 14021 14063 14074 10185 11078 
3 3 14070 5476 14116 
4 5 5476 10012 5702 13965 3387 
3 5 10837 8232 5081 3135 3387 
3 6 9483 6273 1079 13853 13880 3387 
3 4 13880 9649 13802 3369 
3 3 3369 13770 10053 
3 6 10053 13596 3648 9035 13412 13341 
1 2 14021 5081 
4 4 3756 5778 13807 13827 
3 4 7591 5395 2377 3369 
3 8 3990 242 13387 5550 7585 9102 9236 13596 
3 4 9102 9475 8939 11372 
3 3 8939 7104 7591 
3 10 13341 6947 3771 11059 3766 7311 11119 11546 8323 13066 
3 4 11059 4998 4783 13245 
1 2 11546 5848 
3 6 13013 13036 13067 5997 13092 5848 
2 3 7072 13049 13066 
3 6 11479 9777 12971 8899 6178 13066 
2 6 7151 10455 12909 12923 850 9777 
3 6 10053 914 13734 4887 6773 4380 
1 2 9483 6773 
3 5 7591 13700 6186 4435 13827 
3 4 10012 5877 14022 14002 
3 4 9649 11392 13976 14022 
3 6 13608 8634 963 11009 13633 13596 
3 4 13341 5519 8447 10305 
3 2 3552 6947 
3 5 2377 4186 13771 3017 13807 
1 2 13827 11077 
3 4 9649 2266 6940 13771 
4 3 6186 13755 1285 
4 6 9113 14023 13936 13966 11077 6043 
3 3 5702 3019 9649 
3 4 10837 3680 7188 109 
3 3 6773 11253 8634 
1 3 10305 242 3990 
1 2 13245 10305 
3 4 9035 4449 4136 5550 
3 4 8447 13352 9055 4449 
1 3 9102 3369 2377 
3 5 5550 7016 13460 6603 8939 
1 2 13460 3990 
3 2 9903 6872 
3 4 9903 3555 6003 13230 
3 6 5160 13221 13199 6285 7311 3766 
1 4 3766 1790 4152 11055 
1 5 13245 4538 13191 13154 11055 
1 3 4998 13263 8447 
5 5 11529 1119 4285 16844 5456 
2 6 16890 20328 3127 8152 679 5456 
3 11 6510 5293 3755 7689 6680 7361 2274 3578 1436 3214 16890 
5 8 16890 9144 5086 9667 17006 7319 2265 16953 
1 2 11529 16953 
2 10 16953 3983 4146 2684 8041 2656 5396 8760 10910 3831 
3 4 6510 16918 7377 9909 
2 5 4478 16927 8629 16907 6510 
3 6 7377 16944 16937 5594 7727 7361 
3 8 7727 9277 16983 4476 11561 7702 16968 5086 
2 7 7727 16945 16941 7626 16950 5559 9144 
1 3 1959 7985 7377 
3 4 9144 4306 694 4285 
3 4 11529 20319 2443 9667 
1 4 5820 7891 16874 2595 
2 6 4285 8757 10670 16837 16839 5820 
2 4 5456 3968 5069 16837 
3 7 6449 2595 20330 11578 16928 994 16953 
1 4 10670 16879 1038 11578 
3 3 11529 11458 1038 
5 16 2397 16554 16569 348 16591 16613 11494 11459 4579 16582 16569 16588 16605 7856 16613 4579 
1 3 16554 16569 16582 
2 10 2904 8983 16773 2369 9272 16812 3246 16820 4659 5820 
1 6 8983 7990 16744 10009 20326 4608 
1 4 16703 2009 11200 2904 
1 8 10024 1985 16769 2 16763 306 16767 16744 
1 3 9832 2261 4608 
1 4 9832 16665 4847 11375 
1 3 11127 10923 16703 
1 8 16467 16483 2972 4341 2475 10207 1780 11127 
1 5 2263 3277 5493 16418 16467 
1 11 11581 16398 2257 2819 2860 443 16544 3377 2229 3042 11375 
1 11 540 1474 7499 9175 9121 16199 16230 7753 8349 2765 2263 
1 5 11127 929 9919 349 9832 
1 12 20327 16624 1070 16590 8247 16572 11241 4615 1060 1843 16571 16565 
1 6 271 19713 8482 222 16435 1321 
1 5 1321 8693 4048 2100 16565 
1 3 222 7486 10449 
1 4 1843 1194 2686 10449 
1 21 1321 16514 462 8486 972 8326 945 9980 16587 117 4264 16580 8949 8626 3507 11602 2761 1684 7969 4608 10009 
1 2 2229 8949 
1 5 11581 4654 6414 4455 485 
1 3 11581 10418 875 
1 6 485 7662 3939 16347 5339 8482 
1 3 5112 16223 271 
1 9 1751 6089 3085 10480 4402 9006 4497 16233 8482 
1 2 15909 3085 
1 4 4797 3251 16888 6449 
1 4 1145 10133 16923 4797 
1 9 306 11429 580 2486 16828 16846 16880 1773 1145 
2 6 3782 4528 809 16865 3557 2063 
2 4 1136 4588 16893 10649 
2 8 2063 4305 5432 9684 2091 16885 7454 10649 
1 3 4478 5190 1136 
3 6 4759 4282 2854 16924 1697 16911 
2 13 16911 3783 11603 460 712 8957 10208 16986 3558 6630 3076 5823 3196 
3 16 3782 16936 1994 16976 17012 3850 17058 5707 3128 10621 9711 17037 5865 9934 17035 3196 
1 4 9970 10888 5657 3850 
3 13 3782 598 3993 5919 470 16939 9537 10627 536 6236 2327 8841 1959 
1 2 10627 7454 
3 16 10295 9466 979 11319 1030 6576 3736 1000 5653 7957 8103 2030 16860 8390 893 4759 
1 2 2030 3189 
1 5 3719 3740 9061 4444 5653 
2 13 10935 16735 6696 8258 2153 4375 5764 16704 6435 16698 2286 8351 10295 
1 2 11138 5764 
2 9 5308 8860 3776 5029 3395 1003 10167 5344 2488 
2 5 2488 4383 4391 16720 10935 
1 3 4948 16772 4102 
3 5 5308 8601 3474 16760 3412 
1 2 4102 8601 
2 4 3957 4629 4083 16772 
2 9 3957 16765 3926 642 1495 95 2382 11113 10935 
1 5 3210 16754 2635 16762 16771 
1 8 16771 10052 1259 7118 11594 4966 2149 3412 
1 21 4948 16784 8870 4442 10983 11534 6617 2577 5305 2983 16811 8543 4743 11210 16852 4616 2467 16878 4027 16866 9975 
1 5 3210 3745 4046 4293 1262 
1 6 3719 16797 7809 16756 9172 2153 
1 5 393 1906 4362 16724 3210 
1 5 16732 4178 3425 1437 11594 
5 8 19458 6292 2103 2834 5027 3946 13612 10912 
4 4 10912 4234 9107 11502 
3 5 11502 47 9717 13480 1304 
3 5 1304 11307 6066 7334 318 
3 3 318 2616 2071 
1 2 13469 2071 
1 3 13469 8620 13375 
1 4 13375 13398 9856 10873 
3 4 13375 13345 4900 7633 
3 5 7633 13224 11481 7158 13177 
1 4 13177 13103 13076 2104 
3 3 2104 9140 10570 
1 4 13208 7561 13250 7633 
3 3 7340 11207 13132 
1 4 7633 13242 13266 8158 
5 7 8158 2709 13301 10320 13276 7772 13202 
4 2 13202 11039 
3 4 13238 9973 13276 11295 
1 5 7959 3905 11611 7158 11481 
3 2 13208 7340 
1 2 10907 11207 
4 3 6348 3325 7633 
3 2 13177 1459 
4 4 13202 8653 6129 5015 
3 2 10570 12989 
2 3 11295 13312 9974 
4 9 47 13503 13545 13588 454 10310 9469 6922 19456 
4 3 13503 3134 11502 
3 3 1304 3826 13552 
3 3 13552 13565 11094 
5 5 19456 6922 3069 2698 13787 
3 4 11094 13706 6420 13787 
3 4 13706 10423 10871 10310 
4 4 10310 9296 13685 3946 
4 3 318 4546 10936 
4 5 10873 13479 11411 19471 13469 
1 5 10873 13512 7266 3351 10936 
4 4 13876 13892 13871 13787 
4 7 13876 13897 13883 6022 10354 13855 13927 
4 4 13927 6764 13878 13923 
4 4 3832 11486 9334 9245 
1 3 9245 13962 14030 
1 3 14077 5954 14030 
3 4 13962 3371 13909 13871 
5 5 6922 3666 13860 11081 3371 
3 6 10936 10815 5303 13763 1192 13876 
4 3 10936 3351 13570 
4 5 13570 13580 5824 8644 19462 
1 3 8644 13662 2632 
4 3 2632 13618 9778 
4 6 9778 6278 13776 10705 4063 13923 
4 4 13923 13960 194 9052 
4 3 9052 14024 1657 
5 6 1657 14092 4130 19472 14160 6033 
4 5 19462 13766 13829 13891 13927 
4 3 10705 1213 13705 
3 4 13705 2604 10234 13662 
1 4 13705 7497 10841 19462 
3 3 13891 7167 6764 
1 4 19462 4433 2262 10936 
3 4 1657 14056 4789 1567 
4 3 1567 20345 19472 
4 3 1567 701 8315 
3 4 8315 9652 4611 342 
3 4 342 4611 6033 7574 
1 3 8315 14180 14190 
3 3 14190 3763 3966 
1 5 3966 9398 11469 5331 10756 
4 5 10756 11011 13859 4144 9022 
5 6 9022 5859 13864 2685 2195 8322 
1 4 2685 13902 9896 13859 
1 4 9896 13863 5859 9022 
3 5 5331 14083 272 14088 14042 
3 4 4166 13935 6113 10756 
3 6 14042 14018 6113 13937 13902 13863 
1 3 14042 14055 4166 
3 3 4166 6526 8322 
4 4 6526 7036 13939 13923 
4 4 2280 11402 954 4041 
3 4 11402 7244 13672 10184 
1 4 10184 13672 13657 2280 
3 3 10184 13668 6278 
4 3 6278 7477 4041 
4 6 4041 3121 944 7166 13939 13923 
3 6 10705 13814 3121 944 13938 8322 
3 5 11402 13772 13813 11409 8322 
5 3 2280 7133 13744 
3 4 13744 13762 9022 5859 
4 6 342 14277 1451 14303 11290 14335 
3 3 7574 8733 20342 
4 4 20342 2823 8746 5121 
4 5 9052 14043 58 14076 5121 
4 5 14049 14057 14125 14144 20342 
1 2 14049 14024 
1 3 14049 14092 4130 
1 2 14049 9052 
1 3 14024 14092 1567 
1 3 1657 14056 4166 
1 2 1657 7036 
4 7 14160 3638 14144 10352 14123 8746 5121 
3 6 13927 10508 13971 14009 5614 5121 
5 9 5121 7020 2882 3071 14118 7302 14010 9377 13962 
5 7 13871 8891 4295 1085 14065 3071 6558 
4 8 10508 4176 294 13995 5177 1085 5129 14010 
3 5 14335 8765 14304 14321 19463 
1 6 19463 14292 14251 5009 6982 6558 
1 5 6982 14183 8822 4672 6560 
1 3 6560 10595 11170 
1 4 11170 14151 5954 14077 
1 4 14292 2702 4742 14228 
4 4 14228 14197 5953 6560 
1 3 6558 4672 6560 
1 5 11170 14194 14188 10484 14152 
1 6 14077 14195 6345 146 3281 14152 
4 6 3281 7329 5345 2316 13996 1447 
5 4 19459 19454 3976 1447 
1 3 3832 19454 19459 
1 4 6922 19460 6292 19459 
5 4 19456 19460 6292 19459 
1 2 19455 19458 
1 2 6922 3832 
1 3 19459 19455 3832 
1 3 19456 3832 19455 
1 2 19458 19456 
4 3 2103 19457 19454 
5 3 2103 13796 6922 
1 3 6922 3832 19454 
1 3 19454 19457 2103 
1 2 19455 19454 
1 2 19459 2103 
1 2 19458 19459 
1 3 19458 19455 3832 
1 3 19456 3832 3666 
1 12 19455 3832 3976 926 5517 4954 1871 5345 772 9079 14295 11129 
4 5 14335 9994 14417 8438 3639 
5 4 3639 14617 14659 10712 
3 3 10712 14782 7390 
3 6 7390 14782 6227 14755 14745 10740 
1 3 10740 11304 8704 
4 8 7390 4959 14858 14902 6771 7222 6913 7455 
3 3 4117 7455 5251 
1 3 7455 14905 11230 
1 6 5251 14938 1958 4888 14946 2980 
1 3 7455 4401 14810 
1 3 14810 6109 14823 
4 6 14823 5548 14803 9118 5700 8259 
1 4 14823 14751 11275 8100 
3 4 14823 14751 7854 6564 
1 6 14823 5548 3003 5782 14649 1053 
1 5 14823 5548 8769 7504 5287 
1 4 5287 3481 6472 14756 
1 3 14756 14772 6554 
1 6 6554 14860 7030 2881 9314 9265 
3 8 19405 20052 10134 14769 4026 5736 14772 6554 
1 6 19405 20050 14734 20049 20052 20051 
1 4 20049 19405 20051 20050 
4 5 19405 20050 6890 3414 692 
3 5 9265 10119 1464 14947 692 
3 7 6554 2621 10955 14799 14811 10248 3414 
1 7 14769 14811 14866 7807 7648 14987 9265 
1 10 3414 14837 14811 14799 10955 2621 6554 6472 11371 8259 
3 5 8259 5468 14958 14996 2980 
1 3 4117 10684 11230 
1 4 11230 6959 4888 2980 
3 10 2881 10041 7824 14959 10612 14975 2880 2909 14996 2980 
1 7 5287 14762 5700 11371 14942 314 10612 
1 6 1053 10062 14532 4516 5776 6461 
4 7 11129 14345 3429 14398 5776 14441 3544 
1 2 4516 3544 
3 6 3544 1031 14396 6884 6412 14333 
1 3 14333 3087 14228 
1 6 14321 14366 14394 14435 14504 6314 
1 6 6314 14583 2065 14676 8222 8846 
1 5 8704 14676 14671 14764 7925 
1 3 14764 7925 6913 
4 12 14810 7024 7057 8100 6750 1037 1031 14383 14327 7978 10595 6560 
3 9 14810 7024 7057 4904 14578 3190 14470 6412 14333 
4 7 14303 10425 9679 1726 5198 5720 6558 
3 2 14769 3672 
3 8 3672 14650 14534 9286 2752 7619 2323 11129 
3 5 6461 5351 4387 7746 1166 
1 3 1166 4772 14152 
1 2 3429 8226 
3 7 8226 14425 14454 11058 3388 1727 14534 
1 6 3388 14573 14622 5944 14660 5287 
2 6 14532 14471 14564 14500 11058 2752 
3 6 5345 4479 14145 14204 4554 3686 
1 6 3686 590 7632 6638 2419 2066 
1 2 14204 8388 
1 6 11129 14384 14352 4367 4613 8388 
1 6 4367 4333 14386 9110 7170 6882 
1 6 20049 10134 2736 14623 9043 11301 
1 5 10032 14650 9043 14574 6882 
3 5 10032 10492 2309 14725 14756 
1 9 6882 5446 14405 1781 14400 9200 441 2419 2066 
1 3 8388 8077 14405 
1 8 2419 14275 14353 7075 9382 2837 8618 8388 
1 2 4772 9079 
1 4 9079 6515 10605 4613 
1 3 6882 14545 4360 
1 4 20050 10302 14705 7296 
1 3 4360 14652 7296 
1 2 7296 4631 
2 9 4631 14603 3352 9033 6533 14558 3347 4680 14513 
2 6 9200 1904 14367 4934 14523 9033 
1 2 3565 1904 
1 2 14652 14705 
1 7 14652 14624 5641 10813 9593 11205 4934 
2 8 4934 6480 11172 14512 14463 11026 14416 8113 
2 3 14513 14461 6548 
1 3 8113 14461 6548 
3 2 14513 14546 
1 4 14546 5996 14667 3951 
3 9 3951 2498 5216 4210 10218 1978 14783 7277 14705 
1 4 14783 20212 20211 5213 
1 4 6890 14839 6025 5213 
1 2 3414 14882 
1 3 14882 9003 5575 
1 2 692 5575 
2 2 5575 20275 
1 4 20275 7765 20200 5500 
1 2 7765 4879 
2 6 4879 15084 15121 3026 9870 15188 
1 4 5500 15053 8680 14979 
1 3 469 15188 11465 
3 7 11465 20191 20197 15034 14997 3692 19994 
3 6 14979 14936 9320 3751 14824 19994 
3 5 14783 6681 14851 14824 19994 
2 8 19994 14852 5248 9834 4745 3788 14786 6370 
1 3 6370 20217 20284 
2 5 20284 14704 14634 20227 8375 
1 4 20284 14704 14673 2809 
1 3 2809 20226 8608 
1 4 14673 4507 20221 14757 
1 5 14757 20214 14834 5651 14912 
2 7 20221 14784 14818 1197 14869 7734 14943 
2 5 14912 8540 11289 20207 14949 
1 6 14949 6961 3070 15073 20196 20269 
3 6 20269 15112 15138 3519 4329 15188 
3 7 19994 14932 10916 15019 5644 8558 20269 
2 8 6370 3434 1420 11503 15031 10099 20196 20269 
2 10 19994 14852 5248 20209 4745 14894 1420 14924 6961 14949 
1 8 3951 20224 20286 20219 2816 14786 6370 20282 
1 5 20282 14838 9863 1318 14949 
1 6 4944 5511 14752 14790 14838 20282 
1 3 4944 14722 20221 
1 4 15073 8856 20245 15182 
2 6 15182 15150 20244 15210 20241 15255 
2 7 15255 3222 1586 15378 11231 4164 10630 
3 10 10630 5926 15413 5920 10023 8135 8806 11201 15329 11566 
1 4 15150 5297 20248 10788 
1 4 14912 6895 14993 11121 
1 2 15073 9972 
1 6 9972 15086 6196 5332 5239 11121 
1 3 10788 15110 5239 
1 2 11121 2945 
1 3 2945 15067 10179 
1 3 10788 15110 2050 
1 4 2050 9614 2599 10179 
2 8 10179 15133 8699 1006 15226 15280 15305 11566 
1 6 10179 7663 15134 3899 9463 15123 
2 6 14943 14967 14988 10467 9981 15123 
2 7 14943 14967 6134 4207 6987 10460 6389 
2 5 3938 9091 14723 7015 6389 
2 6 6389 14910 14939 9208 15039 9181 
2 4 9181 4537 15124 4396 
2 4 4396 10901 15094 210 
2 5 4396 471 20306 7668 7674 
2 4 7674 8666 10005 9181 
2 7 7674 15197 3008 20309 15281 7391 11566 
2 9 9605 5452 15346 20308 505 4806 15290 15281 11566 
2 6 15123 5229 5064 10028 7597 11566 
3 5 2103 13780 5978 10279 4240 
3 9 10912 13571 7898 8886 107 1391 13446 8291 6551 
1 4 6551 13370 5088 10042 
1 2 10042 5030 
1 4 5030 9842 40 9249 
1 4 9249 13316 13295 13307 
1 3 13307 7935 2197 
2 6 2197 2944 8948 10692 8588 3187 
1 2 9249 11021 
3 7 5030 6923 10787 5784 13767 436 13669 
1 8 6551 13417 4302 9734 1924 3456 3754 13669 
3 10 10912 7731 13620 7855 13623 13572 9529 6816 1924 3456 
3 6 4240 13752 6347 13735 2096 7660 
3 7 11301 8468 14487 8405 2953 14384 11129 
3 6 7660 4408 5242 2541 13912 13931 
3 5 13931 1386 9854 7685 4245 
1 3 4245 860 7632 
2 4 2066 9520 14191 3838 
1 3 3565 14299 2066 
2 3 3838 14258 14299 
2 2 3838 14126 
1 6 14126 8324 14027 9026 13951 6746 
1 4 6746 8690 13881 7169 
1 7 7169 13788 1470 13758 339 10251 436 
1 4 11021 13376 13440 9764 
1 9 9764 7754 13498 13540 13581 4829 9531 8744 11083 
1 3 11083 13788 7169 
5 4 7169 20297 20015 3016 
2 6 3016 11073 11508 13844 2227 13882 
2 3 13882 1162 8316 
2 3 8316 5715 9258 
2 3 9258 3517 14098 
2 4 8316 9849 6740 13973 
2 5 2227 5528 10120 13782 13759 
1 3 2227 7713 13790 
2 3 13790 13745 4372 
2 5 3016 19427 9163 548 13643 
2 3 2227 4787 8097 
2 4 8097 7557 14003 6948 
1 3 6948 14110 7968 
2 6 6969 14237 10589 4457 9920 9434 
2 7 9434 634 14348 11610 10277 7811 3565 
1 6 3838 2853 14215 1093 15691 9434 
2 3 421 14245 3838 
2 6 421 14287 7462 14230 634 9434 
1 3 4245 7835 2563 
1 3 2563 3684 5589 
1 3 4408 10853 3314 
5 4 3314 7098 10993 5589 
1 5 6746 13900 10129 10016 5589 
5 7 5589 3265 13808 4560 13803 13830 7169 
1 3 8690 13861 4560 
1 3 4560 1470 11083 
3 4 7660 6018 3754 3456 
1 2 13838 5242 
3 9 13838 2541 7827 13869 13850 9225 10970 13868 2103 
3 5 14145 609 9420 13950 13931 
2 4 7968 14090 14198 8324 
2 6 8324 14085 14128 5343 14161 860 
1 5 14126 14128 8090 14120 4245 
3 10 3314 2739 13910 13934 9854 7685 14089 14135 10629 3686 
1 5 3686 9382 8077 7170 6882 
1 2 10062 6564 
3 8 3016 15703 13683 13630 9076 13514 8559 9764 
1 4 9249 1771 10952 11051 
1 3 11051 13215 2187 
1 3 10756 14017 9090 
1 4 5331 14075 8705 10061 
3 5 10061 14117 10438 14156 19612 
5 2 19456 19455 
1 3 19455 19459 6292 
3 17 19467 19469 19575 14562 9819 14462 11320 19679 9557 8839 19685 1568 14239 5055 14190 14180 8315 
4 23 19467 19584 19566 4510 3950 10202 14795 19546 19982 1380 7952 752 19619 15102 19944 7543 2609 19901 19890 7815 15314 19872 19868 
4 24 19467 19702 19468 19574 10147 9880 3356 7087 5856 10885 4974 10874 14531 20066 4984 65 19533 7500 14586 14543 7232 129 14478 19536 
4 19 19467 19470 14608 8579 14644 19663 19664 19656 9616 14693 5560 19651 14744 2742 19650 19648 4850 11111 7390 
3 3 10061 3965 19611 
1 4 19611 14214 19602 19603 
1 3 19601 8215 19602 
3 4 19604 19606 19605 19602 
3 4 19604 19606 5470 2354 
1 4 8705 4910 11489 2354 
1 3 3966 8299 14239 
3 6 2354 6361 14222 20070 4066 8299 
1 4 5331 14106 14146 20071 
1 5 20071 14222 14254 11305 19685 
1 4 14088 3966 4066 8651 
1 4 14158 20070 8651 11305 
3 8 19613 10438 14157 3965 14159 2354 6361 20071 
1 9 20071 20070 4066 8299 3763 14141 14180 8315 14160 
4 19 14160 3638 14144 10352 58 14076 5121 294 11240 13961 11496 13892 13871 11556 42 13860 3666 3832 19455 
4 22 19455 19454 11491 13868 13837 9558 13836 7242 13821 9451 5242 4408 10853 6114 10251 13673 8500 9531 11621 13683 15703 3016 
3 5 3356 7669 19500 5246 19505 
3 5 7429 6198 2894 59 14531 
2 9 2894 7865 10124 19501 11235 138 19500 5246 19505 
1 6 11235 19501 10124 7865 14465 59 
3 8 19505 19593 11325 10581 19598 14354 6117 11050 
3 6 11050 7211 19608 14173 14156 19612 
3 5 19603 19600 14263 7211 11050 
1 3 11050 2526 19596 
3 8 19683 8839 2042 19595 19592 14393 722 19596 
3 7 19596 722 11257 73 7209 19494 19468 
1 2 7669 19502 
1 3 19502 19703 19503 
2 3 19503 14419 14354 
2 4 19589 4685 14372 19596 
2 3 19589 1465 19577 
1 3 19577 19574 19468 
1 3 19468 14601 19569 
1 3 19569 19584 19470 
1 12 4974 14679 14741 14781 14831 19550 19984 19631 19625 19619 15102 19944 
1 6 19536 14478 129 14570 14599 19530 
1 25 19530 1135 4536 6783 19522 14688 3383 10669 14780 19514 7895 3254 19508 6931 2250 15032 9115 10767 15149 15179 5150 7815 15314 19872 19868 
1 4 19521 14688 3383 10669 
1 6 19521 19522 6783 4536 1135 19530 
1 3 4984 3610 19524 
2 5 19524 14709 14760 14808 3254 
1 2 19534 7500 
1 3 14543 6801 19534 
1 5 14656 19526 5001 19520 14741 
1 2 14656 4974 
1 4 5001 19519 8956 14709 
1 3 14831 964 19549 
1 8 19549 11115 4867 14873 19510 19985 19509 19508 
3 7 2250 6794 14935 19980 19981 2524 19631 
1 2 2250 19623 
3 6 19623 10213 15048 15076 2270 20116 
1 7 20116 2270 19958 10000 19959 4559 19619 
1 6 20116 1269 19933 19920 5150 7815 
1 2 19540 10767 
1 3 19914 19915 2609 
1 3 19868 19855 19852 
1 8 19852 10113 3781 9795 15517 9590 15590 1292 
1 4 1292 19769 15635 9783 
1 8 1292 4940 11359 19775 10580 19755 3586 7986 
1 6 7986 5360 19737 1020 19729 7100 
1 2 7100 3338 
1 5 3338 19735 15702 19740 6880 
2 6 6880 19736 9487 11211 6748 19756 
1 8 19756 19754 19757 19751 8945 19742 9564 20005 
3 5 20005 8958 20004 15718 4109 
3 6 10364 5369 15576 3576 20023 19757 
1 9 14831 19580 9948 14761 10047 14658 20064 1247 14601 
1 3 19581 9948 19580 
1 4 19581 19988 7276 14831 
1 2 19983 19982 
1 7 19983 5691 3262 19558 19987 10047 14657 
1 4 14657 10318 10236 7087 
2 6 4396 471 9762 15271 7287 9605 
1 2 19501 19539 
1 5 19539 14479 5856 11176 19990 
1 5 19990 6479 5079 9948 19581 
1 4 964 14877 19542 2524 
1 4 2524 3060 15040 10000 
1 2 19619 3140 
1 4 19566 19563 19562 8579 
1 2 19563 9876 
1 2 10202 19555 
1 2 19555 8252 
1 6 8252 19544 7348 14945 19970 19967 
1 2 3356 19537 
1 4 19537 19492 8491 14646 
1 2 14646 20064 
1 4 19601 19599 19592 19594 
1 5 19594 8871 6174 14431 19590 
1 5 19590 19588 11320 8751 19678 
1 3 19678 10216 14563 
1 4 14563 6219 19658 3554 
1 2 14693 19658 
3 4 3554 9822 19689 14544 
3 3 14544 3492 10387 
1 2 19683 19682 
3 4 19682 8145 7532 10387 
1 2 10387 4073 
1 2 4073 20323 
1 2 14239 7011 
1 4 7011 14413 4073 20323 
1 3 20323 19690 6539 
1 3 6539 200 9873 
1 2 200 3878 
1 2 9873 5055 
1 3 9873 14276 9652 
1 3 3878 4611 342 
3 3 14417 7439 8295 
3 2 8438 3142 
1 3 3142 7439 8295 
3 5 8295 14391 1078 14374 3878 
1 2 6539 14374 
1 2 6539 9653 
1 3 9653 14475 3363 
1 2 3363 2123 
1 2 2123 3695 
1 2 3695 14503 
1 2 14503 14525 
1 2 14525 3142 
3 5 14525 14571 786 14703 19654 
1 2 10712 19654 
1 3 19654 14703 5231 
3 6 5231 19655 6739 19666 19665 19662 
1 4 19662 19665 6808 19671 
1 4 19675 14481 19670 19671 
1 4 19675 14481 4073 20323 
1 5 2123 19669 9308 19672 19671 
1 3 19662 19659 2742 
3 3 2742 10063 5968 
3 6 5968 14857 19687 2931 9582 19635 
3 2 19635 19626 
1 2 14902 9646 
1 3 9646 14972 10068 
1 3 14972 6837 15004 
1 3 15004 5454 14986 
1 2 14986 9103 
1 2 9103 19626 
1 3 11366 8516 8417 
1 4 11366 19955 558 15139 
1 3 15139 15103 9114 
1 4 9114 11267 20078 7758 
1 5 8417 9114 11267 20078 7758 
1 3 7758 20077 4190 
1 4 4190 10200 15154 1453 
1 4 10200 20075 11267 9114 
1 4 4190 11223 10761 492 
1 7 492 11045 15099 9212 15090 15146 9498 
1 5 15004 7820 11227 15109 492 
1 3 7758 15030 14986 
3 11 19701 19647 19644 14856 19638 9574 19627 5146 19699 2062 11366 
1 4 9616 14691 19653 19701 
3 7 9876 6757 19561 9855 5124 7682 19701 
1 2 19469 19494 
3 6 14562 19576 14554 6358 8751 19678 
2 7 9876 14763 7653 8329 4920 6374 19967 
3 8 8329 4421 14927 19624 15029 15050 2902 6994 
3 21 9713 19692 6994 19940 6967 15151 19946 19954 5581 15089 19617 19961 4313 19976 7348 14901 19548 7320 9217 14763 9876 
2 5 9713 15078 19620 1973 19973 
1 7 19973 9574 19638 14856 19644 19647 19701 
1 9 19467 19470 14608 8579 14644 19663 14712 7682 19701 
3 10 19701 19647 19644 7512 1484 9941 11638 15052 1124 6994 
3 6 9713 10311 10416 15269 19906 19898 
3 9 19898 19894 19886 4376 15351 19859 7062 19838 957 
1 2 957 10513 
3 3 10513 15495 6734 
3 6 6734 5510 20028 849 7419 4109 
2 3 4109 2790 20008 
1 6 7100 19744 1020 15647 19766 19765 
1 10 19765 5255 15566 19781 10653 15491 15444 11398 19849 19870 
1 9 19870 7541 238 19876 15359 3522 19845 15350 19868 
1 10 3522 19840 19821 20110 19796 19797 19788 15566 19772 19766 
1 4 7986 3586 15689 19748 
1 5 19748 19752 19747 19759 19758 
1 4 19758 15676 19761 1292 
1 7 19759 15641 19775 19773 19780 20107 19796 
1 9 19796 15494 20111 19814 15431 15399 8567 7541 19870 
1 4 19914 19900 19887 19876 
2 8 19870 19849 6253 19875 15296 19879 15272 19908 
2 2 19908 3361 
2 5 141 10622 15257 10267 15296 
2 4 6831 8338 15222 3361 
1 2 6831 15089 
2 6 141 19939 3378 19618 8204 4696 
1 3 4696 9513 19976 
1 3 4696 19541 19982 
1 3 4696 5623 3140 
2 9 10364 19817 15421 19841 15367 15321 6306 15272 19908 
1 7 957 15459 11173 19808 19810 19803 10364 
1 13 10364 19804 15455 15482 8289 15504 9629 3117 7347 19784 19786 19781 15566 
1 3 9713 10311 2878 
1 4 2878 19911 15227 19909 
1 6 19909 5422 19882 8678 20165 6369 
1 7 6369 20167 8692 20159 4600 20161 8143 
1 3 8143 15310 15277 
1 4 6734 15540 15486 9950 
1 4 9950 20135 15460 9804 
1 4 9950 15569 6080 15581 
1 7 15581 7453 20127 10270 5883 20130 15555 
1 4 9804 20143 6304 15465 
3 5 6304 20148 20153 15383 20161 
1 4 20153 8070 6167 14913 
1 3 15555 3173 9400 
1 5 14913 15380 20068 20151 15449 
1 6 15449 9206 5400 20156 20154 20149 
1 4 14913 20069 20169 15333 
1 4 15333 20170 3948 20163 
1 3 20163 20162 7350 
3 4 7350 1654 8273 5087 
1 3 5087 10855 3479 
1 3 5087 10855 20324 
1 4 5464 6051 11029 3479 
2 6 7625 20261 15268 5545 15316 20163 
1 2 7625 5464 
2 4 5464 20267 6813 9914 
1 5 9498 8951 15118 6813 9914 
1 5 5464 4558 10941 20262 15248 
1 2 15248 15228 
1 4 15228 20263 11453 3579 
1 4 3579 15348 15384 11212 
3 4 15248 7000 7299 20324 
1 3 9914 3701 2980 
2 4 9265 15083 15120 15145 
1 5 15145 15144 15167 15168 19998 
1 4 19998 20296 15260 3579 
1 2 20263 15260 
1 2 15384 15352 
1 9 15352 20124 10972 15349 15372 8254 9419 15345 9490 
1 4 15145 7598 15235 7506 
1 3 7506 8720 9490 
1 8 8720 7914 3847 15243 3607 15284 469 15188 
1 5 9490 15360 225 15427 19413 
1 5 19413 15483 15541 20094 6124 
1 3 6124 8263 4828 
1 5 6124 4844 15679 4664 6710 
2 3 6710 70 15665 
1 5 15665 2194 20087 6874 19407 
1 7 15284 15335 6579 15355 10954 8389 1653 
1 2 1653 15385 
1 2 15385 4908 
1 2 4908 4695 
1 4 4695 7578 10820 15180 
1 5 20269 15112 20193 4429 15180 
1 4 15180 15181 15221 9797 
1 3 9797 15194 15182 
1 3 15221 15263 9672 
2 5 9672 11144 19996 19997 19995 
1 2 19995 11144 
2 4 19995 15397 15357 3048 
1 4 3048 15291 4935 15255 
1 4 19996 8595 8696 15385 
1 6 19997 15422 15461 7593 1833 15582 
1 3 1833 15578 3707 
1 3 3707 10096 1725 
1 4 1725 9234 15537 865 
1 5 3707 8937 9426 15634 677 
1 3 3707 277 10265 
1 6 15582 15595 10976 20229 7936 19407 
1 4 15665 15754 9923 15847 
1 3 15847 15816 525 
1 2 525 15782 
1 6 15782 8099 10704 20103 1704 20101 
1 2 20101 15720 
1 3 15720 15653 10265 
1 4 677 20298 3500 10924 
1 2 865 4490 
1 2 4490 10630 
3 4 10924 7136 2312 15579 
3 3 15579 15549 10630 
1 4 10924 1615 619 8047 
1 2 525 10100 
1 3 10100 3034 3585 
3 5 1703 825 11090 4123 265 
1 3 4123 8105 688 
1 3 4110 15987 6384 
1 5 3273 15842 10631 7620 9817 
1 3 9817 15774 5474 
2 3 5474 1089 8047 
1 2 7620 4506 
1 3 8105 350 8216 
1 3 8216 927 4206 
1 5 688 8719 11541 16004 10344 
1 4 6384 16012 7801 1852 
1 3 1852 5333 3834 
1 3 3834 8136 1492 
2 6 1492 15940 5701 10465 15916 1639 
1 3 1639 15859 11557 
1 5 11557 15803 15785 15752 15707 
1 5 4506 15864 15907 15929 1492 
2 6 4506 3169 15802 6411 946 10118 
1 3 10118 3514 15707 
1 4 15707 2083 15663 6981 
1 5 6981 4573 15620 11067 5525 
2 4 11566 11186 15376 9357 
1 2 9357 785 
1 2 785 15519 
1 4 15519 4487 4216 6981 
3 8 8047 9623 15597 6193 15557 15507 11520 785 
3 8 15579 15573 1691 7471 6854 15507 11520 785 
2 4 9357 15409 6094 6252 
2 3 6252 2705 9605 
1 3 6252 2000 15472 
1 6 15472 15502 3359 7680 916 5525 
1 8 5525 6068 11052 15726 15772 15793 5401 19712 
1 5 19710 3195 4290 19712 19711 
1 2 19711 19710 
1 2 3195 19712 
1 3 4290 19712 19711 
1 5 4290 6730 1967 5335 7877 
1 4 7877 2246 6908 15814 
1 3 15814 2717 3945 
1 4 3945 9494 15645 5525 
1 3 11557 15838 15814 
1 4 7877 11076 2659 15975 
1 3 15975 3416 9417 
1 3 9417 15947 1639 
1 2 1492 270 
1 3 1492 4303 3834 
1 6 1852 2649 16099 1445 11110 16270 
1 2 16270 6474 
1 6 4206 4621 16246 11188 16286 6474 
1 8 4206 16185 3125 11097 3604 16077 10559 6384 
1 2 4206 3313 
1 8 3313 16304 5186 4223 16320 16286 16270 6474 
1 4 16277 11188 16286 6474 
1 4 16277 16276 16255 3313 
1 6 3313 6688 16357 3702 16413 16446 
1 4 16381 16405 5902 16446 
1 3 16381 10339 6474 
1 4 16381 5379 1713 7617 
1 5 7617 16462 8242 8424 16491 
1 5 16491 17363 1699 602 3580 
1 3 3580 1226 4801 
1 3 4801 16529 16506 
1 3 4801 16557 16568 
1 3 16568 7775 7627 
1 3 16568 6343 16595 
1 4 16506 1312 3101 1047 
1 11 17379 17370 17365 16488 8808 9397 3862 16416 16442 8424 16491 
1 6 16711 3322 5947 9925 16705 11636 
4 22 15191 15962 11592 15894 9700 15831 15791 15758 10849 15699 10805 20295 4385 10029 9503 11436 15499 20141 20142 20068 6167 14913 
1 2 10805 10597 
3 5 10597 7481 7339 1348 9577 
1 5 9577 15900 3310 15919 15968 
1 4 15968 7089 15996 15191 
3 3 15191 8587 9505 
3 6 9505 20290 4456 11148 5439 5613 
3 3 5613 16143 19480 
3 5 19480 7487 16210 9763 7630 
1 6 7630 9892 9701 16156 16166 6521 
1 2 6521 9500 
1 3 9500 16178 862 
2 5 11148 5741 2237 2589 2785 
1 2 2237 4647 
1 4 4647 10652 8355 16038 
1 5 16038 16060 5706 10603 253 
1 2 7630 16173 
2 4 16173 16141 16076 16038 
1 2 15191 1943 
1 2 11592 15863 
3 4 15863 7647 20251 10911 
2 2 10911 15733 
2 4 15733 8867 7762 6443 
3 4 6443 6852 7912 7114 
3 3 7114 4090 15442 
1 4 20149 20354 15506 256 
1 2 15506 8428 
1 4 8428 15511 15499 20141 
1 2 20141 15449 
1 4 15555 150 20138 20142 
3 4 15465 736 10566 15555 
1 3 256 15516 7114 
1 3 5087 9589 15442 
2 4 7114 618 7798 7893 
1 4 7798 8271 15637 10072 
1 2 10072 19488 
2 3 19488 19487 7047 
2 5 7047 19486 10486 1827 378 
1 2 378 9116 
1 6 9116 178 15937 15969 2589 2785 
3 2 11592 19485 
3 3 19485 8862 3529 
3 3 3529 20292 6633 
3 3 6633 375 9116 
3 5 7630 16285 11199 6009 10834 
3 5 10834 16404 6346 16441 19479 
3 6 19479 7171 2307 7192 1915 10724 
1 2 10724 9405 
3 4 9405 5804 3925 9025 
1 3 9025 9196 2961 
1 4 2961 16663 16676 10349 
3 10 10349 16652 4725 16640 5515 209 9226 16635 16629 16626 
2 5 16626 9168 16592 2663 10239 
2 9 10239 2663 10823 10021 16586 4799 872 5804 9405 
1 2 13759 5215 
1 3 13196 13252 7935 
1 4 2197 13279 13280 7332 
1 5 3187 7270 10575 11004 19466 
2 6 3187 13437 4316 2461 13350 2211 
1 3 4372 9359 13643 
1 3 8559 7840 8588 
1 4 6923 13461 5948 13440 
1 2 8176 2187 
2 4 13973 13943 13969 7571 
2 4 14098 1602 14115 14102 
1 2 6969 6774 
2 4 9434 14296 4260 2174 
2 4 8608 14588 5257 4798 
2 2 4349 6189 
1 2 6548 6189 
2 3 8375 8393 6189 
2 5 3938 5916 14518 10913 14418 
2 5 9904 10464 14787 10227 14723 
1 2 15026 10901 
2 9 14939 14955 14885 14888 2741 1021 8293 2439 14706 
3 10 7632 14135 6810 9307 9420 1439 14034 10826 14033 2316 
1 9 9071 2766 1976 1479 6785 16750 9847 16751 4526 
1 6 6785 2996 871 8712 5494 16782 
1 6 6785 11114 10828 16693 465 9889 
2 6 7315 7307 12644 645 12702 9621 
1 6 9621 12678 2145 10806 10586 8144 
1 6 8144 2900 12809 8604 3478 5040 
1 5 7315 10551 5443 12521 7661 
1 10 15634 5809 15728 2648 4397 5408 15877 15892 3077 4110 
1 8 9945 16147 8688 7297 7537 16386 2806 11238 
1 3 7537 9464 4098 
1 2 8688 3992 
1 4 1404 5143 10203 4098 
1 4 4740 6569 16000 10760 
1 17 241 1254 5943 1105 12520 1174 10548 11384 12605 4424 12659 11167 1873 10160 8604 3478 5040 
1 14 6906 12174 9790 10661 7943 12295 8547 5969 12373 7043 12406 8437 11069 7661 
1 10 8547 216 716 10240 2905 6021 12457 11044 3967 1174 
1 19 11105 581 11710 11725 4619 68 3599 7716 1968 11865 2845 11954 3164 12033 4135 12065 9344 9384 6906 
